0.000000 0.000000
0.005805 0.000000
0.011610 0.000000
0.017415 0.000000
0.023220 0.000000
0.029025 0.000000
0.034830 0.000000
0.040635 0.000000
0.046440 0.000000
0.052245 0.000000
0.058050 0.000000
0.063855 0.000000
0.069660 0.000000
0.075465 0.000000
0.081270 0.000000
0.087075 0.000000
0.092880 0.000000
0.098685 0.000000
0.104490 160.900345
0.110295 160.865677
0.116100 262.939941
0.121905 263.072601
0.127710 525.033142
0.133515 263.277344
0.139320 263.337952
0.145125 131.477768
0.150930 80.438362
0.156735 222.967087
0.162540 222.782227
0.168345 222.739563
0.174150 0.000000
0.179955 0.000000
0.185760 0.000000
0.191565 0.000000
0.197370 0.000000
0.203175 0.000000
0.208980 0.000000
0.214785 0.000000
0.220590 0.000000
0.226395 0.000000
0.232200 0.000000
0.238005 193.069946
0.243810 0.000000
0.249615 0.000000
0.255420 0.000000
0.261224 0.000000
0.267029 0.000000
0.272834 0.000000
0.278639 0.000000
0.284444 0.000000
0.290249 0.000000
0.296054 0.000000
0.301859 0.000000
0.307664 0.000000
0.313469 0.000000
0.319274 0.000000
0.325079 0.000000
0.330884 0.000000
0.336689 0.000000
0.342494 0.000000
0.348299 0.000000
0.354104 0.000000
0.359909 0.000000
0.365714 0.000000
0.371519 0.000000
0.377324 0.000000
0.383129 0.000000
0.388934 0.000000
0.394739 0.000000
0.400544 0.000000
0.406349 0.000000
0.412154 0.000000
0.417959 0.000000
0.423764 0.000000
0.429569 0.000000
0.435374 0.000000
0.441179 0.000000
0.446984 0.000000
0.452789 0.000000
0.458594 0.000000
0.464399 0.000000
0.470204 0.000000
0.476009 0.000000
0.481814 0.000000
0.487619 0.000000
0.493424 0.000000
0.499229 0.000000
0.505034 0.000000
0.510839 0.000000
0.516644 0.000000
0.522449 0.000000
0.528254 0.000000
0.534059 0.000000
0.539864 0.000000
0.545669 0.000000
0.551474 0.000000
0.557279 0.000000
0.563084 0.000000
0.568889 0.000000
0.574694 0.000000
0.580499 0.000000
0.586304 0.000000
0.592109 0.000000
0.597914 0.000000
0.603719 0.000000
0.609524 0.000000
0.615329 412.498474
0.621134 87.732574
0.626939 729.043091
0.632744 0.000000
0.638549 0.000000
0.644354 0.000000
0.650159 0.000000
0.655964 0.000000
0.661769 0.000000
0.667574 0.000000
0.673379 0.000000
0.679184 0.000000
0.684989 0.000000
0.690794 263.045349
0.696599 324.193207
0.702404 327.667816
0.708209 328.210236
0.714014 328.509247
0.719819 328.720306
0.725624 328.848480
0.731429 328.891785
0.737234 328.900177
0.743039 328.906433
0.748844 328.895355
0.754649 328.872589
0.760454 328.861206
0.766259 328.860016
0.772063 328.853729
0.777868 328.842163
0.783673 328.836029
0.789478 328.838928
0.795283 328.829254
0.801088 328.813629
0.806893 328.819000
0.812698 328.835876
0.818503 328.840149
0.824308 328.832703
0.830113 328.829681
0.835918 328.838104
0.841723 328.846466
0.847528 328.851349
0.853333 328.854340
0.859138 328.855194
0.864943 328.858032
0.870748 328.861176
0.876553 328.868439
0.882358 328.864868
0.888163 328.839264
0.893968 328.834198
0.899773 328.876190
0.905578 328.920380
0.911383 328.911652
0.917188 328.862823
0.922993 328.823273
0.928798 328.822968
0.934603 328.850922
0.940408 328.864746
0.946213 328.846375
0.952018 328.818176
0.957823 328.809631
0.963628 328.826965
0.969433 328.850952
0.975238 328.867981
0.981043 328.882019
0.986848 328.889587
0.992653 328.890259
0.998458 328.900208
1.004263 328.916687
1.010068 328.921295
1.015873 328.920654
1.021678 328.917175
1.027483 328.913422
1.033288 328.926514
1.039093 328.958344
1.044898 328.985321
1.050703 328.986877
1.056508 328.970001
1.062313 328.950073
1.068118 328.938293
1.073923 328.929657
1.079728 328.917847
1.085533 328.930115
1.091338 328.965088
1.097143 328.974548
1.102948 328.960327
1.108753 328.944305
1.114558 328.935638
1.120363 328.944427
1.126168 328.959167
1.131973 328.967682
1.137778 328.976471
1.143583 328.968536
1.149388 328.930603
1.155193 328.900208
1.160998 328.906738
1.166803 328.930786
1.172608 328.949341
1.178413 328.963257
1.184218 328.968231
1.190023 328.951538
1.195828 328.912781
1.201633 328.869232
1.207438 328.845001
1.213243 328.821869
1.219048 328.766754
1.224853 328.718628
1.230658 328.724640
1.236463 328.754791
1.242268 328.779175
1.248073 328.829498
1.253878 328.826691
1.259683 328.594788
1.265488 328.192657
1.271293 328.068390
1.277098 328.447296
1.282902 0.000000
1.288707 329.469849
1.294512 329.870270
1.300317 325.370911
1.306122 0.000000
1.311927 0.000000
1.317732 0.000000
1.323537 0.000000
1.329342 0.000000
1.335147 98.134064
1.340952 0.000000
1.346757 0.000000
1.352562 0.000000
1.358367 98.092331
1.364172 0.000000
1.369977 0.000000
1.375782 0.000000
1.381587 0.000000
1.387392 0.000000
1.393197 0.000000
1.399002 0.000000
1.404807 0.000000
1.410612 0.000000
1.416417 0.000000
1.422222 152.517242
1.428027 152.594879
1.433832 152.607819
1.439637 152.491516
1.445442 152.374771
1.451247 152.356445
1.457052 0.000000
1.462857 0.000000
1.468662 0.000000
1.474467 0.000000
1.480272 0.000000
1.486077 0.000000
1.491882 0.000000
1.497687 0.000000
1.503492 0.000000
1.509297 0.000000
1.515102 0.000000
1.520907 0.000000
1.526712 0.000000
1.532517 0.000000
1.538322 0.000000
1.544127 0.000000
1.549932 0.000000
1.555737 0.000000
1.561542 0.000000
1.567347 0.000000
1.573152 0.000000
1.578957 0.000000
1.584762 0.000000
1.590567 0.000000
1.596372 0.000000
1.602177 0.000000
1.607982 0.000000
1.613787 0.000000
1.619592 0.000000
1.625397 0.000000
1.631202 0.000000
1.637007 0.000000
1.642812 0.000000
1.648617 0.000000
1.654422 0.000000
1.660227 0.000000
1.666032 0.000000
1.671837 0.000000
1.677642 0.000000
1.683447 0.000000
1.689252 0.000000
1.695057 0.000000
1.700862 0.000000
1.706667 0.000000
1.712472 0.000000
1.718277 0.000000
1.724082 0.000000
1.729887 0.000000
1.735692 0.000000
1.741497 0.000000
1.747302 0.000000
1.753107 0.000000
1.758912 0.000000
1.764717 0.000000
1.770522 0.000000
1.776327 0.000000
1.782132 0.000000
1.787937 152.372192
1.793741 152.467361
1.799546 0.000000
1.805351 0.000000
1.811156 0.000000
1.816961 0.000000
1.822766 0.000000
1.828571 0.000000
1.834376 0.000000
1.840181 0.000000
1.845986 0.000000
1.851791 0.000000
1.857596 152.312759
1.863401 0.000000
1.869206 0.000000
1.875011 0.000000
1.880816 152.384506
1.886621 652.102905
1.892426 660.074951
1.898231 661.057312
1.904036 660.981873
1.909841 660.599487
1.915646 660.237000
1.921451 660.123230
1.927256 660.167542
1.933061 660.218201
1.938866 660.287659
1.944671 660.313477
1.950476 660.264343
1.956281 660.242371
1.962086 660.258179
1.967891 660.263916
1.973696 660.270569
1.979501 660.205444
1.985306 660.094666
1.991111 660.081848
1.996916 660.106628
2.002721 660.080017
2.008526 660.088379
2.014331 660.092773
2.020136 659.990967
2.025941 659.911194
2.031746 659.957764
2.037551 660.028076
2.043356 660.028687
2.049161 659.938721
2.054966 659.816467
2.060771 659.738464
2.066576 659.715027
2.072381 659.714783
2.078186 659.695618
2.083991 659.591858
2.089796 659.594971
2.095601 659.776855
2.101406 659.863403
2.107211 659.769897
2.113016 659.680664
2.118821 659.692078
2.124626 659.658325
2.130431 659.582947
2.136236 659.513184
2.142041 659.494263
2.147846 659.538452
2.153651 659.574707
2.159456 659.603699
2.165261 659.622620
2.171066 659.589539
2.176871 659.530090
2.182676 659.443665
2.188481 659.316589
2.194286 659.233398
2.200091 659.248901
2.205896 659.316467
2.211701 659.335693
2.217506 659.333191
2.223311 659.366638
2.229116 659.452698
2.234921 659.537354
2.240726 659.498108
2.246531 659.333801
2.252336 659.263306
2.258141 659.409790
2.263946 659.555054
2.269751 659.535095
2.275556 659.503052
2.281361 659.527649
2.287166 659.493103
2.292971 659.434448
2.298776 659.404114
2.304580 659.403381
2.310385 659.418091
2.316190 659.398987
2.321995 659.422974
2.327800 659.503906
2.333605 659.512695
2.339410 659.500732
2.345215 659.467041
2.351020 659.253845
2.356825 658.834961
2.362630 658.404358
2.368435 658.068542
2.374240 657.861877
2.380045 657.765991
2.385850 657.638794
2.391655 657.486145
2.397460 657.274353
2.403265 656.624939
2.409070 655.263855
2.414875 0.000000
2.420680 651.283081
2.426485 649.868774
2.432290 649.278992
2.438095 648.311707
2.443900 0.000000
2.449705 365.362030
2.455510 369.103180
2.461315 125.475105
2.467120 125.510803
2.472925 0.000000
2.478730 290.225891
2.484535 290.360962
2.490340 289.612366
2.496145 251.487350
2.501950 250.074753
2.507755 249.633041
2.513560 249.409180
2.519365 0.000000
2.525170 249.554214
2.530975 249.526169
2.536780 0.000000
2.542585 249.258591
2.548390 249.838074
2.554195 250.210403
2.560000 250.059433
2.565805 249.887543
2.571610 250.009613
2.577415 0.000000
2.583220 250.257401
2.589025 250.130417
2.594830 487.225342
2.600635 0.000000
2.606440 0.000000
2.612245 0.000000
2.618050 0.000000
2.623855 0.000000
2.629660 0.000000
2.635465 0.000000
2.641270 0.000000
2.647075 0.000000
2.652880 115.712303
2.658685 113.483658
2.664490 0.000000
2.670295 0.000000
2.676100 0.000000
2.681905 0.000000
2.687710 0.000000
2.693515 0.000000
2.699320 0.000000
2.705125 0.000000
2.710930 0.000000
2.716735 0.000000
2.722540 0.000000
2.728345 0.000000
2.734150 0.000000
2.739955 0.000000
2.745760 0.000000
2.751565 0.000000
2.757370 0.000000
2.763175 0.000000
2.768980 0.000000
2.774785 0.000000
2.780590 0.000000
2.786395 152.418304
2.792200 152.397766
2.798005 263.177460
2.803810 263.181030
2.809615 98.099380
2.815420 0.000000
2.821224 0.000000
2.827029 0.000000
2.832834 0.000000
2.838639 0.000000
2.844444 0.000000
2.850249 0.000000
2.856054 322.197754
2.861859 152.310822
2.867664 0.000000
2.873469 241.196701
2.879274 241.048828
2.885079 0.000000
2.890884 80.362946
2.896689 0.000000
2.902494 0.000000
2.908299 84.948471
2.914104 84.325531
2.919909 84.066254
2.925714 83.824829
2.931519 83.724045
2.937324 83.548134
2.943129 83.610794
2.948934 83.464714
2.954739 83.603058
2.960544 83.436401
2.966349 83.574509
2.972154 83.379639
2.977959 83.530701
2.983764 83.417526
2.989569 83.606964
2.995374 83.476593
3.001179 83.629997
3.006984 83.495171
3.012789 83.542038
3.018594 83.349510
3.024399 83.391937
3.030204 83.367317
3.036009 83.533676
3.041814 83.534737
3.047619 83.491753
3.053424 83.414566
3.059229 83.362816
3.065034 83.386909
3.070839 83.368065
3.076644 83.466316
3.082449 83.407722
3.088254 83.460640
3.094059 83.288490
3.099864 83.406593
3.105669 83.390114
3.111474 83.519325
3.117279 83.343109
3.123084 83.406982
3.128889 83.296463
3.134694 83.414520
3.140499 83.305573
3.146304 83.417511
3.152109 83.289200
3.157914 83.299973
3.163719 83.253326
3.169524 83.378510
3.175329 83.344810
3.181134 83.325409
3.186939 83.262390
3.192744 83.286247
3.198549 83.353218
3.204354 83.402023
3.210159 83.422821
3.215964 83.359558
3.221769 83.363678
3.227574 83.321144
3.233379 83.369049
3.239184 83.303444
3.244989 83.356628
3.250794 83.331909
3.256599 83.411880
3.262404 83.317581
3.268209 83.276115
3.274014 83.243561
3.279819 83.343338
3.285624 83.317657
3.291429 83.298103
3.297234 83.272728
3.303039 83.282799
3.308844 83.281570
3.314649 83.308746
3.320454 83.333496
3.326259 83.280609
3.332063 83.294464
3.337868 83.341995
3.343673 83.417564
3.349478 83.389374
3.355283 83.447884
3.361088 83.428520
3.366893 83.413902
3.372698 83.336914
3.378503 83.392418
3.384308 83.385834
3.390113 83.388771
3.395918 83.327621
3.401723 83.330093
3.407528 83.321648
3.413333 83.377998
3.419138 83.464035
3.424943 83.525482
3.430748 83.566895
3.436553 83.618279
3.442358 83.871193
3.448163 84.198822
3.453968 84.672607
3.459773 84.749420
3.465578 207.538132
3.471383 207.052856
3.477188 0.000000
3.482993 0.000000
3.488798 0.000000
3.494603 0.000000
3.500408 0.000000
3.506213 0.000000
3.512018 0.000000
3.517823 0.000000
3.523628 0.000000
3.529433 0.000000
3.535238 0.000000
3.541043 0.000000
3.546848 0.000000
3.552653 0.000000
3.558458 241.151367
3.564263 263.141876
3.570068 0.000000
3.575873 263.574341
3.581678 263.632019
3.587483 263.547668
3.593288 263.403870
3.599093 241.485840
3.604898 241.386414
3.610703 241.198685
3.616508 263.389923
3.622313 480.712158
3.628118 0.000000
3.633923 0.000000
3.639728 0.000000
3.645533 0.000000
3.651338 0.000000
3.657143 0.000000
3.662948 0.000000
3.668753 0.000000
3.674558 0.000000
3.680363 0.000000
3.686168 0.000000
3.691973 0.000000
3.697778 0.000000
3.703583 0.000000
3.709388 0.000000
3.715193 0.000000
3.720998 0.000000
3.726803 0.000000
3.732608 0.000000
3.738413 0.000000
3.744218 0.000000
3.750023 0.000000
3.755828 0.000000
3.761633 0.000000
3.767438 263.168091
3.773243 0.000000
3.779048 0.000000
3.784853 0.000000
3.790658 0.000000
3.796463 0.000000
3.802268 0.000000
3.808073 0.000000
3.813878 125.937706
3.819683 0.000000
3.825488 0.000000
3.831293 0.000000
3.837098 0.000000
3.842902 0.000000
3.848707 0.000000
3.854512 0.000000
3.860317 0.000000
3.866122 0.000000
3.871927 0.000000
3.877732 0.000000
3.883537 0.000000
3.889342 0.000000
3.895147 0.000000
3.900952 0.000000
3.906757 0.000000
3.912562 0.000000
3.918367 0.000000
3.924172 0.000000
3.929977 0.000000
3.935782 482.721649
3.941587 482.713745
3.947392 0.000000
3.953197 0.000000
3.959002 222.916214
3.964807 80.418571
3.970612 180.495392
3.976417 174.034576
3.982222 171.488892
3.988027 170.051041
3.993832 169.104919
3.999637 168.696228
4.005442 168.718216
4.011247 168.819839
4.017052 168.893097
4.022857 168.965256
4.028662 169.006119
4.034467 168.994934
4.040272 168.991653
4.046077 169.017731
4.051882 169.014511
4.057687 168.993057
4.063492 168.991226
4.069297 169.005844
4.075102 169.044678
4.080907 169.104980
4.086712 169.160706
4.092517 169.207443
4.098322 169.281204
4.104127 169.366318
4.109932 169.408798
4.115737 169.382355
4.121542 169.343338
4.127347 169.351166
4.133152 169.365723
4.138957 169.361069
4.144762 169.362701
4.150567 169.369415
4.156372 169.360962
4.162177 169.344498
4.167982 169.331650
4.173787 169.304123
4.179592 169.278244
4.185397 169.274918
4.191202 169.296249
4.197007 169.308762
4.202812 169.270844
4.208617 169.224075
4.214422 169.220520
4.220227 169.229340
4.226032 169.198624
4.231837 169.154160
4.237642 169.126938
4.243447 169.107819
4.249252 169.110245
4.255057 169.122009
4.260862 169.100800
4.266667 169.050766
4.272472 169.024338
4.278277 169.041489
4.284082 169.053207
4.289887 169.028687
4.295692 168.986343
4.301497 168.970596
4.307302 168.987930
4.313107 169.013611
4.318912 169.030975
4.324717 169.024033
4.330522 168.990906
4.336327 168.963150
4.342132 168.972122
4.347937 168.995941
4.353741 168.983582
4.359546 168.954636
4.365351 168.935333
4.371156 168.917648
4.376961 168.895279
4.382766 168.908447
4.388571 168.950104
4.394376 168.948212
4.400181 168.913055
4.405986 168.879959
4.411791 168.841827
4.417596 168.773895
4.423401 168.706146
4.429206 168.662659
4.435011 168.607422
4.440816 168.548813
4.446621 168.519272
4.452426 168.518509
4.458231 168.517212
4.464036 168.507813
4.469841 168.486801
4.475646 168.435516
4.481451 168.380493
4.487256 168.349884
4.493061 168.348999
4.498866 168.343613
4.504671 168.304062
4.510476 168.268356
4.516281 168.261749
4.522086 168.042358
4.527891 167.248489
4.533696 166.372696
4.539501 166.002838
4.545306 166.130981
4.551111 166.407562
4.556916 166.610596
4.562721 166.701950
4.568526 166.565979
4.574331 166.723404
4.580136 167.028961
4.585941 167.045151
4.591746 167.085083
4.597551 167.590179
4.603356 168.656204
4.609161 169.393997
4.614966 169.710190
4.620771 169.864014
4.626576 170.317505
4.632381 60.269451
4.638186 57.893330
4.643991 44.553383
4.649796 44.914566
4.655601 49.476273
4.661406 45.939362
4.667211 321.349121
4.673016 59.680653
4.678821 152.499344
4.684626 152.537125
4.690431 156.251907
4.696236 98.162155
4.702041 0.000000
4.707846 0.000000
4.713651 0.000000
4.719456 0.000000
4.725261 0.000000
4.731066 0.000000
4.736871 0.000000
4.742676 0.000000
4.748481 0.000000
4.754286 0.000000
4.760091 0.000000
4.765896 0.000000
4.771701 0.000000
4.777506 0.000000
4.783311 0.000000
4.789116 0.000000
4.794921 0.000000
4.800726 0.000000
4.806531 0.000000
4.812336 0.000000
4.818141 0.000000
4.823946 0.000000
4.829751 0.000000
4.835556 0.000000
4.841361 0.000000
4.847166 0.000000
4.852971 0.000000
4.858776 0.000000
4.864580 120.554108
4.870385 156.527237
4.876190 156.479614
4.881995 413.802826
4.887800 413.535950
4.893605 0.000000
4.899410 0.000000
4.905215 0.000000
4.911020 0.000000
4.916825 0.000000
4.922630 0.000000
